[gd_scene load_steps=4 format=3 uid="uid://duv8dof50h8m4"]

[ext_resource type="Texture2D" uid="uid://77csnbu1qskp" path="res://assets/textures/kenney's-prototype-textures/PNG/Light/texture_03.png" id="1_5msb6"]

[sub_resource type="StandardMaterial3D" id="StandardMaterial3D_7vey3"]
albedo_texture = ExtResource("1_5msb6")
uv1_triplanar = true

[sub_resource type="StandardMaterial3D" id="StandardMaterial3D_d3byi"]
emission_enabled = true
emission = Color(0.482802, 0.464117, 0.32678, 1)
emission_energy_multiplier = 7.65

[node name="Node3D" type="Node3D"]

[node name="CSGBox3D" type="CSGBox3D" parent="."]
transform = Transform3D(1, 0, 0, 0, 1, 0, 0, 0, 1, -0.214844, 0, 0)
material_override = SubResource("StandardMaterial3D_7vey3")
use_collision = true
size = Vector3(16, 1, 4)

[node name="CSGBox3D4" type="CSGBox3D" parent="."]
transform = Transform3D(1, 0, 0, 0, 1, 0, 0, 0, 1, -0.214844, 4.94765, 0)
material_override = SubResource("StandardMaterial3D_7vey3")
use_collision = true
size = Vector3(16, 1, 4)

[node name="CSGBox3D5" type="CSGBox3D" parent="."]
transform = Transform3D(1, 0, 0, 0, 0.707107, -0.707107, 0, 0.707107, 0.707107, -0.214844, 4.14765, 1.7)
material_override = SubResource("StandardMaterial3D_7vey3")
use_collision = true
size = Vector3(16, 0.7, 4)

[node name="CSGBox3D6" type="CSGBox3D" parent="."]
transform = Transform3D(1, 0, 0, 0, 0.707107, 0.707107, 0, -0.707107, 0.707107, -0.214844, 4.14765, -1.7)
material_override = SubResource("StandardMaterial3D_7vey3")
use_collision = true
size = Vector3(16, 0.7, 4)

[node name="CSGBox3D7" type="CSGBox3D" parent="."]
transform = Transform3D(-1, -6.18172e-08, 6.18172e-08, 8.74228e-08, -0.707107, 0.707107, 0, 0.707107, 0.707107, -0.214844, 0.747654, 1.7)
material_override = SubResource("StandardMaterial3D_7vey3")
use_collision = true
size = Vector3(16, 0.7, 4)

[node name="CSGBox3D8" type="CSGBox3D" parent="."]
transform = Transform3D(-1, -6.18172e-08, -6.18172e-08, 8.74228e-08, -0.707107, -0.707107, 0, -0.707107, 0.707107, -0.214844, 0.747654, -1.7)
material_override = SubResource("StandardMaterial3D_7vey3")
use_collision = true
size = Vector3(16, 0.7, 4)

[node name="CSGBox3D2" type="CSGBox3D" parent="."]
transform = Transform3D(1, 0, 0, 0, -4.37114e-08, 1, 0, -1, -4.37114e-08, -0.214844, 2.47814, 2.5)
material_override = SubResource("StandardMaterial3D_7vey3")
use_collision = true
size = Vector3(16, 1, 4)

[node name="CSGBox3D3" type="CSGBox3D" parent="."]
transform = Transform3D(1, 0, 0, 0, -4.37114e-08, 1, 0, -1, -4.37114e-08, -0.214844, 2.47814, -2.5)
material_override = SubResource("StandardMaterial3D_7vey3")
use_collision = true
size = Vector3(16, 1, 4)

[node name="CSGBox3D9" type="CSGBox3D" parent="."]
transform = Transform3D(1, 0, 0, 0, 1, 0, 0, 0, 1, -5, 4.70995, 0)
material_override = SubResource("StandardMaterial3D_d3byi")
size = Vector3(5, 1, 1)

[node name="SpotLight3D" type="SpotLight3D" parent="CSGBox3D9"]
transform = Transform3D(1, 0, 0, 0, -4.37114e-08, 1, 0, -1, -4.37114e-08, 0, 0, 0)
light_energy = 2.0
spot_range = 10.0

[node name="CSGBox3D10" type="CSGBox3D" parent="."]
transform = Transform3D(1, 0, 0, 0, 1, 0, 0, 0, 1, 4, 4.70995, 0)
material_override = SubResource("StandardMaterial3D_d3byi")
size = Vector3(5, 1, 1)

[node name="SpotLight3D" type="SpotLight3D" parent="CSGBox3D10"]
transform = Transform3D(1, 0, 0, 0, -4.37114e-08, 1, 0, -1, -4.37114e-08, 0, 0, 0)
light_energy = 2.0
spot_range = 10.0
