[gd_scene load_steps=5 format=3 uid="uid://dx0jglxv086j0"]

[ext_resource type="Texture2D" uid="uid://77csnbu1qskp" path="res://assets/textures/kenney's-prototype-textures/PNG/Light/texture_03.png" id="1_aly87"]
[ext_resource type="PackedScene" uid="uid://hrvjra3ybe7r" path="res://assets/station/light_strip.tscn" id="2_dhc3e"]

[sub_resource type="StandardMaterial3D" id="StandardMaterial3D_u6gjy"]
cull_mode = 2
albedo_texture = ExtResource("1_aly87")
uv1_triplanar = true

[sub_resource type="StandardMaterial3D" id="StandardMaterial3D_pxa2r"]
albedo_color = Color(0.637843, 0.637843, 0.637843, 1)
albedo_texture = ExtResource("1_aly87")
metallic = 1.0
metallic_texture = ExtResource("1_aly87")
uv1_triplanar = true

[node name="CorridorSegmentRing1" type="Node3D"]

[node name="Walls" type="Node3D" parent="."]

[node name="CSGBox3D3" type="CSGBox3D" parent="Walls"]
transform = Transform3D(1, 0, 0, 0, 1, 0, 0, 0, 1, -5.8, 3, 0)
material_override = SubResource("StandardMaterial3D_u6gjy")
use_collision = true
size = Vector3(1, 4.334, 6)

[node name="CSGBox3D5" type="CSGBox3D" parent="Walls"]
transform = Transform3D(0.5, 0.866025, 0, -0.866025, 0.5, 0, 0, 0, 1, -4.898, 5.404, 0)
material_override = SubResource("StandardMaterial3D_u6gjy")
use_collision = true
size = Vector3(1, 2.664, 6)

[node name="CSGBox3D6" type="CSGBox3D" parent="Walls"]
transform = Transform3D(0.5, 0.866025, 0, 0.866025, -0.5, 8.74228e-08, 7.57103e-08, -4.37114e-08, -1, -4.898, 0.604, 0)
material_override = SubResource("StandardMaterial3D_u6gjy")
use_collision = true
size = Vector3(1, 2.664, 6)

[node name="CSGBox3D7" type="CSGBox3D" parent="Walls"]
transform = Transform3D(-0.5, -0.866025, 8.74228e-08, -0.866025, 0.5, 0, -4.37114e-08, -7.57103e-08, -1, 4.902, 5.404, 0)
material_override = SubResource("StandardMaterial3D_u6gjy")
use_collision = true
size = Vector3(1, 2.664, 6)

[node name="CSGBox3D8" type="CSGBox3D" parent="Walls"]
transform = Transform3D(-0.5, -0.866025, -8.74228e-08, 0.866025, -0.5, 8.74228e-08, -1.19422e-07, -3.1999e-08, 1, 4.902, 0.604, 0)
material_override = SubResource("StandardMaterial3D_u6gjy")
use_collision = true
size = Vector3(1, 2.664, 6)

[node name="CSGBox3D" type="CSGBox3D" parent="Walls"]
material_override = SubResource("StandardMaterial3D_u6gjy")
use_collision = true
size = Vector3(8, 1, 6)

[node name="CSGBox3D4" type="CSGBox3D" parent="Walls"]
transform = Transform3D(1, 0, 0, 0, 1, 0, 0, 0, 1, 5.8, 3, 0)
material_override = SubResource("StandardMaterial3D_u6gjy")
use_collision = true
size = Vector3(1, 4.334, 6)

[node name="CSGBox3D2" type="CSGBox3D" parent="Walls"]
transform = Transform3D(1, 0, 0, 0, 1, 0, 0, 0, 1, 0, 6, 0)
material_override = SubResource("StandardMaterial3D_u6gjy")
use_collision = true
size = Vector3(8, 1, 6)

[node name="Details" type="Node3D" parent="."]

[node name="CSGCylinder3D" type="CSGCylinder3D" parent="Details"]
transform = Transform3D(1, 0, 0, 0, -4.37114e-08, 1, 0, -1, -4.37114e-08, -5.1, 2.1, 0)
material_override = SubResource("StandardMaterial3D_pxa2r")
radius = 0.2
height = 6.0

[node name="CSGCylinder3D2" type="CSGCylinder3D" parent="Details"]
transform = Transform3D(1, 0, 0, 0, -4.37114e-08, 1, 0, -1, -4.37114e-08, 5.1, 2.1, 0)
material_override = SubResource("StandardMaterial3D_pxa2r")
radius = 0.2
height = 6.0

[node name="ReflectionProbe" type="ReflectionProbe" parent="."]
transform = Transform3D(1, 0, 0, 0, 1, 0, 0, 0, 1, -4.76837e-07, 3, 0.0500004)
size = Vector3(14, 8, 7)

[node name="Lights" type="Node3D" parent="."]

[node name="LightStrip7" parent="Lights" instance=ExtResource("2_dhc3e")]
transform = Transform3D(-1, 0, -8.74228e-08, 0, 1, 0, 8.74228e-08, 0, -1, -3, 5.5, 1.31134e-07)

[node name="LightStrip8" parent="Lights" instance=ExtResource("2_dhc3e")]
transform = Transform3D(-1, 0, -8.74228e-08, 0, 1, 0, 8.74228e-08, 0, -1, 3, 5.5, -1.31134e-07)
