[gd_scene load_steps=5 format=3 uid="uid://dx0jglxv086j0"]

[ext_resource type="Texture2D" uid="uid://77csnbu1qskp" path="res://assets/textures/kenney's-prototype-textures/PNG/Light/texture_03.png" id="1_aly87"]

[sub_resource type="StandardMaterial3D" id="StandardMaterial3D_u6gjy"]
cull_mode = 2
albedo_texture = ExtResource("1_aly87")
uv1_triplanar = true

[sub_resource type="StandardMaterial3D" id="StandardMaterial3D_e8xe1"]
albedo_texture = ExtResource("1_aly87")
emission_enabled = true
emission = Color(0.808645, 0.65946, 0.382129, 1)
emission_energy_multiplier = 4.0
uv1_triplanar = true

[sub_resource type="StandardMaterial3D" id="StandardMaterial3D_wpe83"]
albedo_texture = ExtResource("1_aly87")
emission_enabled = true
emission = Color(0.808645, 0.65946, 0.382129, 1)
emission_energy_multiplier = 4.0
uv1_triplanar = true

[node name="CorridorSegmentRing1" type="Node3D"]

[node name="Walls" type="Node3D" parent="."]

[node name="CSGBox3D3" type="CSGBox3D" parent="Walls"]
transform = Transform3D(1, 0, 0, 0, 1, 0, 0, 0, 1, -5.8, 3, 0)
material_override = SubResource("StandardMaterial3D_u6gjy")
use_collision = true
size = Vector3(1, 4.334, 6)

[node name="CSGBox3D5" type="CSGBox3D" parent="Walls"]
transform = Transform3D(0.5, 0.866025, 0, -0.866025, 0.5, 0, 0, 0, 1, -4.898, 5.404, 0)
material_override = SubResource("StandardMaterial3D_u6gjy")
use_collision = true
size = Vector3(1, 2.664, 6)

[node name="CSGBox3D6" type="CSGBox3D" parent="Walls"]
transform = Transform3D(0.5, 0.866025, 0, 0.866025, -0.5, 8.74228e-08, 7.57103e-08, -4.37114e-08, -1, -4.898, 0.604, 0)
material_override = SubResource("StandardMaterial3D_u6gjy")
use_collision = true
size = Vector3(1, 2.664, 6)

[node name="CSGBox3D7" type="CSGBox3D" parent="Walls"]
transform = Transform3D(-0.5, -0.866025, 8.74228e-08, -0.866025, 0.5, 0, -4.37114e-08, -7.57103e-08, -1, 4.902, 5.404, 0)
material_override = SubResource("StandardMaterial3D_u6gjy")
use_collision = true
size = Vector3(1, 2.664, 6)

[node name="CSGBox3D8" type="CSGBox3D" parent="Walls"]
transform = Transform3D(-0.5, -0.866025, -8.74228e-08, 0.866025, -0.5, 8.74228e-08, -1.19422e-07, -3.1999e-08, 1, 4.902, 0.604, 0)
material_override = SubResource("StandardMaterial3D_u6gjy")
use_collision = true
size = Vector3(1, 2.664, 6)

[node name="CSGBox3D" type="CSGBox3D" parent="Walls"]
material_override = SubResource("StandardMaterial3D_u6gjy")
use_collision = true
size = Vector3(8, 1, 6)

[node name="CSGBox3D4" type="CSGBox3D" parent="Walls"]
transform = Transform3D(1, 0, 0, 0, 1, 0, 0, 0, 1, 5.8, 3, 0)
material_override = SubResource("StandardMaterial3D_u6gjy")
use_collision = true
size = Vector3(1, 4.334, 6)

[node name="CSGBox3D2" type="CSGBox3D" parent="Walls"]
transform = Transform3D(1, 0, 0, 0, 1, 0, 0, 0, 1, 0, 6, 0)
material_override = SubResource("StandardMaterial3D_u6gjy")
use_collision = true
size = Vector3(8, 1, 6)

[node name="Details" type="Node3D" parent="."]

[node name="CSGBox3D9" type="CSGBox3D" parent="Details"]
transform = Transform3D(1, 0, 0, 0, 1, 0, 0, 0, 1, -3.2, 5.58, 0)
material_override = SubResource("StandardMaterial3D_e8xe1")
use_collision = true
size = Vector3(0.4, 0.2, 4)

[node name="SpotLight3D" type="SpotLight3D" parent="Details/CSGBox3D9"]
transform = Transform3D(1, 0, 0, 0, -4.37114e-08, 1, 0, -1, -4.37114e-08, 0, 0, 0)
light_energy = 4.0
light_indirect_energy = 16.0
spot_range = 5.805

[node name="CSGBox3D10" type="CSGBox3D" parent="Details"]
transform = Transform3D(1, 0, 0, 0, 1, 0, 0, 0, 1, 3.2, 5.58, 0)
material_override = SubResource("StandardMaterial3D_wpe83")
use_collision = true
size = Vector3(0.4, 0.2, 4)

[node name="SpotLight3D" type="SpotLight3D" parent="Details/CSGBox3D10"]
transform = Transform3D(1, 0, 0, 0, -4.37114e-08, 1, 0, -1, -4.37114e-08, 0, 0, 0)
light_energy = 4.0
light_indirect_energy = 16.0
spot_range = 5.805

[node name="ReflectionProbe" type="ReflectionProbe" parent="."]
transform = Transform3D(1, 0, 0, 0, 1, 0, 0, 0, 1, -4.76837e-07, 3, 0.0500004)
size = Vector3(14, 8, 7)
