[gd_scene load_steps=6 format=3 uid="uid://cdvqyxn8erqgq"]

[ext_resource type="Texture2D" uid="uid://77csnbu1qskp" path="res://assets/textures/kenney's-prototype-textures/PNG/Light/texture_03.png" id="1_hqong"]
[ext_resource type="PackedScene" uid="uid://hrvjra3ybe7r" path="res://assets/station/light_strip.tscn" id="2_fy73u"]

[sub_resource type="StandardMaterial3D" id="StandardMaterial3D_u6gjy"]
cull_mode = 2
albedo_texture = ExtResource("1_hqong")
uv1_triplanar = true

[sub_resource type="StandardMaterial3D" id="StandardMaterial3D_pxa2r"]
albedo_color = Color(0.637843, 0.637843, 0.637843, 1)
albedo_texture = ExtResource("1_hqong")
metallic = 1.0
metallic_texture = ExtResource("1_hqong")
uv1_triplanar = true

[sub_resource type="StandardMaterial3D" id="StandardMaterial3D_y2gu7"]
cull_mode = 2
albedo_color = Color(0.71213, 0.712129, 0.712129, 1)
albedo_texture = ExtResource("1_hqong")
uv1_triplanar = true

[node name="CorridorSegmentRing1" type="Node3D"]

[node name="Walls" type="Node3D" parent="."]

[node name="CSGBox3D3" type="CSGBox3D" parent="Walls"]
transform = Transform3D(1, 0, 0, 0, 1, 0, 0, 0, 1, -5.8, 3, 0)
material_override = SubResource("StandardMaterial3D_u6gjy")
use_collision = true
size = Vector3(1, 4.334, 6)

[node name="CSGBox3D5" type="CSGBox3D" parent="Walls"]
transform = Transform3D(0.5, 0.866025, 0, -0.866025, 0.5, 0, 0, 0, 1, -4.898, 5.404, 0)
material_override = SubResource("StandardMaterial3D_u6gjy")
use_collision = true
size = Vector3(1, 2.664, 6)

[node name="CSGBox3D6" type="CSGBox3D" parent="Walls"]
transform = Transform3D(0.5, 0.866025, 0, 0.866025, -0.5, 8.74228e-08, 7.57103e-08, -4.37114e-08, -1, -4.898, 0.604, 0)
material_override = SubResource("StandardMaterial3D_u6gjy")
use_collision = true
size = Vector3(1, 2.664, 6)

[node name="CSGBox3D7" type="CSGBox3D" parent="Walls"]
transform = Transform3D(-0.5, -0.866025, 8.74228e-08, -0.866025, 0.5, 0, -4.37114e-08, -7.57103e-08, -1, 4.902, 5.404, 0)
material_override = SubResource("StandardMaterial3D_u6gjy")
use_collision = true
size = Vector3(1, 2.664, 6)

[node name="CSGBox3D8" type="CSGBox3D" parent="Walls"]
transform = Transform3D(-0.5, -0.866025, -8.74228e-08, 0.866025, -0.5, 8.74228e-08, -1.19422e-07, -3.1999e-08, 1, 4.902, 0.604, 0)
material_override = SubResource("StandardMaterial3D_u6gjy")
use_collision = true
size = Vector3(1, 2.664, 6)

[node name="CSGBox3D" type="CSGBox3D" parent="Walls"]
material_override = SubResource("StandardMaterial3D_u6gjy")
use_collision = true
size = Vector3(8, 1, 6)

[node name="CSGBox3D4" type="CSGBox3D" parent="Walls"]
transform = Transform3D(1, 0, 0, 0, 1, 0, 0, 0, 1, 5.8, 3, 0)
material_override = SubResource("StandardMaterial3D_u6gjy")
use_collision = true
size = Vector3(1, 4.334, 6)

[node name="CSGBox3D2" type="CSGBox3D" parent="Walls"]
transform = Transform3D(1, 0, 0, 0, 1, 0, 0, 0, 1, 0, 6, 0)
material_override = SubResource("StandardMaterial3D_u6gjy")
use_collision = true
size = Vector3(8, 1, 6)

[node name="Walls2" type="Node3D" parent="."]
transform = Transform3D(1, 0, 0, 0, 1, 0, 0, 0, 1, 0, 5.845, 15.75)

[node name="CSGBox3D3" type="CSGBox3D" parent="Walls2"]
transform = Transform3D(1, 0, 0, 0, 1, 0, 0, 0, 1, -5.8, 3, 0)
material_override = SubResource("StandardMaterial3D_u6gjy")
use_collision = true
size = Vector3(1, 4.334, 6)

[node name="CSGBox3D16" type="CSGBox3D" parent="Walls2/CSGBox3D3"]
transform = Transform3D(1, 0, 0, 0, 0.866025, 0.5, 0, -0.5, 0.866025, 0, -3, -7.89319)
material_override = SubResource("StandardMaterial3D_u6gjy")
use_collision = true
size = Vector3(1, 3.6, 13.5)

[node name="CSGBox3D5" type="CSGBox3D" parent="Walls2"]
transform = Transform3D(0.5, 0.866025, 0, -0.866025, 0.5, 0, 0, 0, 1, -4.898, 5.404, 0)
material_override = SubResource("StandardMaterial3D_u6gjy")
use_collision = true
size = Vector3(1, 2.664, 6)

[node name="CSGBox3D6" type="CSGBox3D" parent="Walls2"]
transform = Transform3D(0.5, 0.866025, 0, 0.866025, -0.5, 8.74228e-08, 7.57103e-08, -4.37114e-08, -1, -4.898, 0.604, -0.1)
material_override = SubResource("StandardMaterial3D_u6gjy")
use_collision = true
size = Vector3(1, 2.664, 6.2)

[node name="Subtract" type="CSGBox3D" parent="Walls2/CSGBox3D6"]
transform = Transform3D(1, -3.30941e-15, 0, -3.30941e-15, 1, 0, 2.84217e-14, 0, 1, 0.95263, 0.181998, 0.45)
material_override = SubResource("StandardMaterial3D_u6gjy")
operation = 2
size = Vector3(0.9, 2.2, 6.9)

[node name="Subtract2" type="CSGBox3D" parent="Walls2/CSGBox3D6"]
transform = Transform3D(-0.899519, 0.0580128, 0.433012, -0.0580126, 0.96654, -0.250001, -0.433013, -0.25, -0.866025, 0.830155, 0.290826, 2.71399)
material_override = SubResource("StandardMaterial3D_u6gjy")
operation = 2
size = Vector3(1, 2.8, 1.7)

[node name="CSGBox3D7" type="CSGBox3D" parent="Walls2"]
transform = Transform3D(-0.5, -0.866025, 8.74228e-08, -0.866025, 0.5, 0, -4.37114e-08, -7.57103e-08, -1, 4.902, 5.404, 0)
material_override = SubResource("StandardMaterial3D_u6gjy")
use_collision = true
size = Vector3(1, 2.664, 6)

[node name="CSGBox3D8" type="CSGBox3D" parent="Walls2"]
transform = Transform3D(-0.5, -0.866025, -8.74228e-08, 0.866025, -0.5, 8.74228e-08, -1.19422e-07, -3.1999e-08, 1, 4.902, 0.604, -0.1)
material_override = SubResource("StandardMaterial3D_u6gjy")
operation = 2
use_collision = true
size = Vector3(1, 2.664, 6.2)

[node name="Subtract" type="CSGBox3D" parent="Walls2/CSGBox3D8"]
transform = Transform3D(1, 3.82144e-15, 0, 3.82138e-15, 1, 0, 2.84217e-14, -4.79616e-13, 1, 1.03923, 0.231996, -0.35)
material_override = SubResource("StandardMaterial3D_u6gjy")
operation = 2
size = Vector3(0.9, 2.8, 6.7)

[node name="Subtract2" type="CSGBox3D" parent="Walls2/CSGBox3D8"]
transform = Transform3D(0.899519, 0.0580129, 0.433014, 0.0580127, 0.966506, -0.250001, -0.433012, 0.25, 0.866026, 0.815109, 0.397403, -2.72986)
material_override = SubResource("StandardMaterial3D_u6gjy")
operation = 2
size = Vector3(1, 2.6, 2)

[node name="CSGBox3D" type="CSGBox3D" parent="Walls2"]
transform = Transform3D(1, 0, 0, 0, 1, 0, 0, 0, 1, 0, -0.0500002, 0.1)
material_override = SubResource("StandardMaterial3D_u6gjy")
use_collision = true
size = Vector3(8, 1.065, 5.8)

[node name="CSGBox3D4" type="CSGBox3D" parent="Walls2"]
transform = Transform3D(1, 0, 0, 0, 1, 0, 0, 0, 1, 5.8, 3, 0)
material_override = SubResource("StandardMaterial3D_u6gjy")
use_collision = true
size = Vector3(1, 4.334, 6)

[node name="CSGBox3D15" type="CSGBox3D" parent="Walls2/CSGBox3D4"]
transform = Transform3D(1, 0, 0, 0, 0.866025, 0.5, 0, -0.5, 0.866025, 0, -3.00037, -7.8935)
material_override = SubResource("StandardMaterial3D_u6gjy")
use_collision = true
size = Vector3(1, 3.6, 13.5)

[node name="CSGBox3D2" type="CSGBox3D" parent="Walls2"]
transform = Transform3D(1, 0, 0, 0, 1, 0, 0, 0, 1, 0, 6, 0)
material_override = SubResource("StandardMaterial3D_u6gjy")
use_collision = true
size = Vector3(8, 1, 6)

[node name="Details" type="Node3D" parent="."]

[node name="CSGCylinder3D" type="CSGCylinder3D" parent="Details"]
transform = Transform3D(1, 0, 0, 0, -4.37114e-08, 1, 0, -1, -4.37114e-08, -5.1, 2.1, 0)
material_override = SubResource("StandardMaterial3D_pxa2r")
radius = 0.2
height = 6.0

[node name="CSGCylinder3D2" type="CSGCylinder3D" parent="Details"]
transform = Transform3D(1, 0, 0, 0, -4.37114e-08, 1, 0, -1, -4.37114e-08, 5.1, 2.1, 0)
material_override = SubResource("StandardMaterial3D_pxa2r")
radius = 0.2
height = 6.0

[node name="ReflectionProbe" type="ReflectionProbe" parent="."]
transform = Transform3D(1, 0, 0, 0, 1, 0, 0, 0, 1, -4.76837e-07, 3, 0.0500004)
size = Vector3(14, 8, 7)

[node name="ReflectionProbe2" type="ReflectionProbe" parent="."]
transform = Transform3D(1, 0, 0, 0, 1, 0, 0, 0, 1, -4.76837e-07, 8.9, 15.65)
size = Vector3(14, 8, 7)

[node name="ReflectionProbe3" type="ReflectionProbe" parent="."]
transform = Transform3D(1, 0, 0, 0, 0.866025, 0.5, 0, -0.5, 0.866025, -4.76837e-07, 5.9, 7.1859)
size = Vector3(14, 8, 15)

[node name="Stairs" type="CSGPolygon3D" parent="."]
transform = Transform3D(-2.98023e-08, -2.08616e-07, 1, -8.47033e-22, 1, 2.08616e-07, -1, 0, -2.98023e-08, 3.5, 6.35, 13)
material_override = SubResource("StandardMaterial3D_y2gu7")
polygon = PackedVector2Array(0, 0, 0, 0, 0.5, 0, 0.5, -0.25, 1, -0.25, 1, -0.5, 1.5, -0.5, 1.5, -0.8, 2, -0.8, 2, -1.1, 2.5, -1.1, 2.5, -1.4, 3, -1.4, 3, -1.7, 3.5, -1.7, 3.5, -2, 4, -2, 4, -2.3, 4.5, -2.3, 4.5, -2.6, 4, -3)
depth = 7.0

[node name="Stairs2" type="CSGPolygon3D" parent="."]
transform = Transform3D(-2.98023e-08, -2.08616e-07, 1, -8.47033e-22, 1, 2.08616e-07, -1, 0, -2.98023e-08, 3.5, 3.8, 8.5)
material_override = SubResource("StandardMaterial3D_y2gu7")
polygon = PackedVector2Array(0, 0, 0, 0, 0.5, 0, 0.5, -0.25, 1, -0.25, 1, -0.5, 1.5, -0.5, 1.5, -0.8, 2, -0.8, 2, -1.1, 2.5, -1.1, 2.5, -1.4, 3, -1.4, 3, -1.7, 3.5, -1.7, 3.5, -2, 4, -2, 4, -2.3, 4.5, -2.3, 4.5, -2.6, 5, -2.6, 5, -2.9, 5.5, -2.9, 5.5, -3.2, 6, -3.2, 6, -3.5, 6.5, -3.5, 6.5, -3.8, 6, -4, 5, -3, -0.000392914, -0.0591204)
depth = 7.0

[node name="Ramp" type="Node3D" parent="."]

[node name="CSGBox3D11" type="CSGBox3D" parent="Ramp"]
transform = Transform3D(-0.5, -0.866025, 0, 0.75, -0.433013, 0.5, -0.433013, 0.25, 0.866025, 4.902, 3.666, 8.026)
material_override = SubResource("StandardMaterial3D_u6gjy")
use_collision = true
size = Vector3(1, 2.664, 12.7)

[node name="Subtract2" type="CSGBox3D" parent="Ramp/CSGBox3D11"]
transform = Transform3D(1, 7.45058e-09, -4.17233e-07, 0, 1, -2.83122e-07, 0, 0, 1, 0.975, 0.105078, 0.649996)
material_override = SubResource("StandardMaterial3D_u6gjy")
operation = 2
size = Vector3(1, 2.8, 12.3)

[node name="Subtract" type="CSGBox3D" parent="Ramp/CSGBox3D11"]
transform = Transform3D(0.899518, 0.0580126, -0.433013, 0.0580127, 0.966506, 0.25, 0.433012, -0.25, 0.866026, -0.255119, 0.77184, 8.52917)
material_override = SubResource("StandardMaterial3D_u6gjy")
operation = 2
size = Vector3(1.2, 2.8, 6.3)

[node name="CSGBox3D12" type="CSGBox3D" parent="Ramp"]
transform = Transform3D(0.5, -0.866025, 0, 0.75, 0.433012, 0.5, -0.433013, -0.25, 0.866025, 4.902, 8.275, 8.15631)
material_override = SubResource("StandardMaterial3D_u6gjy")
use_collision = true
size = Vector3(1, 2.664, 12.3)

[node name="Subtract" type="CSGBox3D" parent="Ramp/CSGBox3D12"]
transform = Transform3D(1, -1.49012e-08, -5.96046e-08, -7.45058e-09, 1, 0, 0, 0, 1, -0.824998, -0.408313, -0.200004)
material_override = SubResource("StandardMaterial3D_u6gjy")
operation = 2
use_collision = true
size = Vector3(1, 3.8, 13)

[node name="CSGBox3D13" type="CSGBox3D" parent="Ramp"]
transform = Transform3D(-0.5, 0.866025, 0, -0.75, -0.433013, 0.5, 0.433013, 0.25, 0.866025, -4.902, 3.666, 8.02641)
material_override = SubResource("StandardMaterial3D_u6gjy")
use_collision = true
size = Vector3(1, 2.664, 12.8)

[node name="Subtract" type="CSGBox3D" parent="Ramp/CSGBox3D13"]
transform = Transform3D(1, -7.45058e-09, 6.55651e-07, 0, 1, -6.85453e-07, 0, 0, 1, -0.774998, 0.304992, 0.800002)
material_override = SubResource("StandardMaterial3D_u6gjy")
operation = 2
size = Vector3(1, 3.9, 11.3)

[node name="Subtract3" type="CSGBox3D" parent="Ramp/CSGBox3D13"]
transform = Transform3D(-0.899518, -0.0580128, -0.433013, 0.0580126, 0.966506, -0.25, 0.433012, -0.25, -0.866025, 0.179674, 0.827461, 8.07012)
material_override = SubResource("StandardMaterial3D_u6gjy")
operation = 2
size = Vector3(0.94, 2.7, 6.7)

[node name="CSGBox3D14" type="CSGBox3D" parent="Ramp"]
transform = Transform3D(0.5, 0.866025, 0, -0.75, 0.433012, 0.5, 0.433013, -0.25, 0.866025, -4.902, 8.2, 8.02641)
material_override = SubResource("StandardMaterial3D_u6gjy")
use_collision = true
size = Vector3(1, 2.664, 12.4)

[node name="Subtract" type="CSGBox3D" parent="Ramp/CSGBox3D14"]
transform = Transform3D(1, 1.49012e-08, 5.96046e-08, 7.45058e-09, 1, 0, 0, 0, 1, 0.824998, -0.0583131, -0.299992)
material_override = SubResource("StandardMaterial3D_u6gjy")
operation = 2
use_collision = true
size = Vector3(1, 3.5, 13)

[node name="Ramp" type="CSGBox3D" parent="Ramp"]
transform = Transform3D(1, 0, 0, 0, 0.866025, 0.5, 0, -0.5, 0.866025, 0, 2.91617, 7.93965)
material_override = SubResource("StandardMaterial3D_u6gjy")
use_collision = true
size = Vector3(8, 0.9, 12.1)

[node name="CSGBox3D10" type="CSGBox3D" parent="Ramp"]
transform = Transform3D(1, 0, 0, 0, 0.866025, 0.5, 0, -0.5, 0.866025, 0, 8.91617, 7.93965)
material_override = SubResource("StandardMaterial3D_u6gjy")
use_collision = true
size = Vector3(8, 0.9, 12.1)

[node name="Lights" type="Node3D" parent="."]

[node name="LightStrip7" parent="Lights" instance=ExtResource("2_fy73u")]
transform = Transform3D(1, 0, 0, 0, 1, 0, 0, 0, 1, 3, 5.5, 0)

[node name="LightStrip8" parent="Lights" instance=ExtResource("2_fy73u")]
transform = Transform3D(1, 0, 0, 0, 1, 0, 0, 0, 1, -3, 5.5, 0)

[node name="LightStrip9" parent="Lights" instance=ExtResource("2_fy73u")]
transform = Transform3D(1, 0, 0, 0, 1, 0, 0, 0, 1, 3, 11.3, 15.7)

[node name="LightStrip10" parent="Lights" instance=ExtResource("2_fy73u")]
transform = Transform3D(1, 0, 0, 0, 1, 0, 0, 0, 1, -3, 11.3, 15.7)
