[gd_scene load_steps=4 format=3 uid="uid://bjregjuegk86n"]

[ext_resource type="Texture2D" uid="uid://77csnbu1qskp" path="res://assets/textures/kenney's-prototype-textures/PNG/Light/texture_03.png" id="1_rxhf7"]

[sub_resource type="StandardMaterial3D" id="StandardMaterial3D_u6gjy"]
albedo_texture = ExtResource("1_rxhf7")
uv1_triplanar = true

[sub_resource type="StandardMaterial3D" id="StandardMaterial3D_qvbs7"]
albedo_texture = ExtResource("1_rxhf7")
emission_enabled = true
emission = Color(0.261598, 0.737, 0.954391, 1)
emission_energy_multiplier = 7.0
uv1_triplanar = true

[node name="CorridorRingExit" type="Node3D"]

[node name="CSGMesh3D" type="CSGMesh3D" parent="."]

[node name="Walls" type="Node3D" parent="CSGMesh3D"]

[node name="CSGBox3D2" type="CSGBox3D" parent="CSGMesh3D/Walls"]
transform = Transform3D(1, 0, 0, 0, 1, 0, 0, 0, 1, 0, 6, 0)
material_override = SubResource("StandardMaterial3D_u6gjy")
use_collision = true
size = Vector3(8, 1, 2)

[node name="CSGBox3D3" type="CSGBox3D" parent="CSGMesh3D/Walls"]
transform = Transform3D(1, 0, 0, 0, 1, 0, 0, 0, 1, -5.8, 3, 0)
material_override = SubResource("StandardMaterial3D_u6gjy")
use_collision = true
size = Vector3(1, 4.334, 2)

[node name="CSGBox3D5" type="CSGBox3D" parent="CSGMesh3D/Walls"]
transform = Transform3D(0.5, 0.866025, 0, -0.866025, 0.5, 0, 0, 0, 1, -4.898, 5.404, 0)
material_override = SubResource("StandardMaterial3D_u6gjy")
use_collision = true
size = Vector3(1, 2.664, 2)

[node name="CSGBox3D6" type="CSGBox3D" parent="CSGMesh3D/Walls"]
transform = Transform3D(0.5, 0.866025, 0, 0.866025, -0.5, 8.74228e-08, 7.57103e-08, -4.37114e-08, -1, -4.898, 0.604, 0)
material_override = SubResource("StandardMaterial3D_u6gjy")
use_collision = true
size = Vector3(1, 2.664, 2)

[node name="CSGBox3D7" type="CSGBox3D" parent="CSGMesh3D/Walls"]
transform = Transform3D(-0.5, -0.866025, 8.74228e-08, -0.866025, 0.5, 0, -4.37114e-08, -7.57103e-08, -1, 4.902, 5.404, 0)
material_override = SubResource("StandardMaterial3D_u6gjy")
use_collision = true
size = Vector3(1, 2.664, 2)

[node name="CSGBox3D8" type="CSGBox3D" parent="CSGMesh3D/Walls"]
transform = Transform3D(-0.5, -0.866025, -8.74228e-08, 0.866025, -0.5, 8.74228e-08, -1.19422e-07, -3.1999e-08, 1, 4.902, 0.604, 0)
material_override = SubResource("StandardMaterial3D_u6gjy")
use_collision = true
size = Vector3(1, 2.664, 2)

[node name="CSGBox3D" type="CSGBox3D" parent="CSGMesh3D/Walls"]
material_override = SubResource("StandardMaterial3D_u6gjy")
use_collision = true
size = Vector3(8, 1, 2)

[node name="CSGBox3D4" type="CSGBox3D" parent="CSGMesh3D/Walls"]
transform = Transform3D(1, 0, 0, 0, 1, 0, 0, 0, 1, 5.8, 3, 0)
material_override = SubResource("StandardMaterial3D_u6gjy")
use_collision = true
size = Vector3(1, 4.334, 2)

[node name="EmissionRing" type="Node3D" parent="CSGMesh3D"]

[node name="CSGBox3D2" type="CSGBox3D" parent="CSGMesh3D/EmissionRing"]
transform = Transform3D(1, 0, 0, 0, 1, 0, 0, 0, 1, 0, 5.5, 0)
material_override = SubResource("StandardMaterial3D_qvbs7")
size = Vector3(8, 0.4, 0.5)

[node name="CSGBox3D3" type="CSGBox3D" parent="CSGMesh3D/EmissionRing"]
transform = Transform3D(1, 0, 0, 0, 1, 0, 0, 0, 1, -5.3, 2.967, 0)
material_override = SubResource("StandardMaterial3D_qvbs7")
size = Vector3(0.4, 3.6, 0.5)

[node name="CSGBox3D5" type="CSGBox3D" parent="CSGMesh3D/EmissionRing"]
transform = Transform3D(0.5, 0.866025, 0, -0.866025, 0.5, 0, 0, 0, 1, -4.4927, 5.038, 0)
material_override = SubResource("StandardMaterial3D_qvbs7")
size = Vector3(0.4, 1.7, 0.5)

[node name="CSGBox3D6" type="CSGBox3D" parent="CSGMesh3D/EmissionRing"]
transform = Transform3D(0.5, 0.866025, 0, 0.866025, -0.5, 8.74228e-08, 7.57103e-08, -4.37114e-08, -1, -4.5413, 0.929, 2.18557e-09)
material_override = SubResource("StandardMaterial3D_qvbs7")
size = Vector3(0.4, 1.7, 0.5)

[node name="CSGBox3D7" type="CSGBox3D" parent="CSGMesh3D/EmissionRing"]
transform = Transform3D(-0.5, -0.866025, 8.74228e-08, -0.866025, 0.5, 0, -4.37114e-08, -7.57103e-08, -1, 4.502, 5.038, 0)
material_override = SubResource("StandardMaterial3D_qvbs7")
size = Vector3(0.4, 1.7, 0.5)

[node name="CSGBox3D8" type="CSGBox3D" parent="CSGMesh3D/EmissionRing"]
transform = Transform3D(-0.5, -0.866025, -8.74228e-08, 0.866025, -0.5, 8.74228e-08, -1.19422e-07, -3.1999e-08, 1, 4.502, 0.904, 0)
material_override = SubResource("StandardMaterial3D_qvbs7")
size = Vector3(0.4, 1.7, 0.5)

[node name="CSGBox3D" type="CSGBox3D" parent="CSGMesh3D/EmissionRing"]
transform = Transform3D(1, 0, 0, 0, 1, 0, 0, 0, 1, 0, 0.5, 0)
material_override = SubResource("StandardMaterial3D_qvbs7")
size = Vector3(8, 0.4, 0.5)

[node name="CSGBox3D4" type="CSGBox3D" parent="CSGMesh3D/EmissionRing"]
transform = Transform3D(1, 0, 0, 0, 1, 0, 0, 0, 1, 5.3, 3, 0)
material_override = SubResource("StandardMaterial3D_qvbs7")
size = Vector3(0.4, 3.6, 0.5)
