[gd_scene load_steps=5 format=3 uid="uid://cdvqyxn8erqgq"]

[ext_resource type="Texture2D" uid="uid://77csnbu1qskp" path="res://assets/textures/kenney's-prototype-textures/PNG/Light/texture_03.png" id="1_hqong"]
[ext_resource type="PackedScene" uid="uid://hrvjra3ybe7r" path="res://assets/station/light_strip.tscn" id="2_fy73u"]

[sub_resource type="StandardMaterial3D" id="StandardMaterial3D_u6gjy"]
cull_mode = 2
albedo_texture = ExtResource("1_hqong")
uv1_triplanar = true

[sub_resource type="StandardMaterial3D" id="StandardMaterial3D_pxa2r"]
albedo_color = Color(0.637843, 0.637843, 0.637843, 1)
albedo_texture = ExtResource("1_hqong")
metallic = 1.0
metallic_texture = ExtResource("1_hqong")
uv1_triplanar = true

[node name="CorridorSegmentRing1" type="Node3D"]

[node name="Walls" type="Node3D" parent="."]

[node name="CSGBox3D3" type="CSGBox3D" parent="Walls"]
transform = Transform3D(1, 0, 0, 0, 1, 0, 0, 0, 1, -5.8, 3, 0)
material_override = SubResource("StandardMaterial3D_u6gjy")
use_collision = true
size = Vector3(1, 4.334, 6)

[node name="CSGBox3D5" type="CSGBox3D" parent="Walls"]
transform = Transform3D(0.5, 0.866025, 0, -0.866025, 0.5, 0, 0, 0, 1, -4.898, 5.404, 0)
material_override = SubResource("StandardMaterial3D_u6gjy")
use_collision = true
size = Vector3(1, 2.664, 6)

[node name="CSGBox3D9" type="CSGBox3D" parent="Walls/CSGBox3D5"]
transform = Transform3D(1, 0, 0, 0, 1, 0, 0, 0, 1, 0.953, 0.232001, 0.5)
material_override = SubResource("StandardMaterial3D_u6gjy")
operation = 2
use_collision = true
size = Vector3(1, 1.6, 7)

[node name="CSGBox3D6" type="CSGBox3D" parent="Walls"]
transform = Transform3D(0.5, 0.866025, 0, 0.866025, -0.5, 8.74228e-08, 7.57103e-08, -4.37114e-08, -1, -4.898, 0.604, 0)
material_override = SubResource("StandardMaterial3D_u6gjy")
use_collision = true
size = Vector3(1, 2.664, 6)

[node name="CSGBox3D7" type="CSGBox3D" parent="Walls"]
transform = Transform3D(-0.5, -0.866025, 8.74228e-08, -0.866025, 0.5, 0, -4.37114e-08, -7.57103e-08, -1, 4.902, 5.404, 0)
material_override = SubResource("StandardMaterial3D_u6gjy")
use_collision = true
size = Vector3(1, 2.664, 6)

[node name="CSGBox3D9" type="CSGBox3D" parent="Walls/CSGBox3D7"]
transform = Transform3D(1, 3.30941e-15, 0, 3.30941e-15, 1, 0, 0, -1.42109e-14, 1, 0.952629, 0.132001, -0.15)
material_override = SubResource("StandardMaterial3D_u6gjy")
operation = 2
use_collision = true
size = Vector3(1, 1.7, 6.3)

[node name="CSGBox3D8" type="CSGBox3D" parent="Walls"]
transform = Transform3D(-0.5, -0.866025, -8.74228e-08, 0.866025, -0.5, 8.74228e-08, -1.19422e-07, -3.1999e-08, 1, 4.902, 0.604, 0)
material_override = SubResource("StandardMaterial3D_u6gjy")
use_collision = true
size = Vector3(1, 2.664, 6)

[node name="CSGBox3D" type="CSGBox3D" parent="Walls"]
material_override = SubResource("StandardMaterial3D_u6gjy")
use_collision = true
size = Vector3(8, 1, 6)

[node name="CSGBox3D4" type="CSGBox3D" parent="Walls"]
transform = Transform3D(1, 0, 0, 0, 1, 0, 0, 0, 1, 5.8, 3, 0)
material_override = SubResource("StandardMaterial3D_u6gjy")
use_collision = true
size = Vector3(1, 4.334, 6)

[node name="CSGBox3D2" type="CSGBox3D" parent="Walls"]
transform = Transform3D(1, 0, 0, 0, 1, 0, 0, 0, 1, 0, 6, 0)
material_override = SubResource("StandardMaterial3D_u6gjy")
use_collision = true
size = Vector3(8, 1, 6)

[node name="Walls2" type="Node3D" parent="."]
transform = Transform3D(1, 0, 0, 0, 1, 0, 0, 0, 1, 0, 5.845, 15.75)

[node name="CSGBox3D3" type="CSGBox3D" parent="Walls2"]
transform = Transform3D(1, 0, 0, 0, 1, 0, 0, 0, 1, -5.8, 3, 0)
material_override = SubResource("StandardMaterial3D_u6gjy")
use_collision = true
size = Vector3(1, 4.334, 6)

[node name="CSGBox3D5" type="CSGBox3D" parent="Walls2"]
transform = Transform3D(0.5, 0.866025, 0, -0.866025, 0.5, 0, 0, 0, 1, -4.898, 5.404, 0)
material_override = SubResource("StandardMaterial3D_u6gjy")
use_collision = true
size = Vector3(1, 2.664, 6)

[node name="CSGBox3D6" type="CSGBox3D" parent="Walls2"]
transform = Transform3D(0.5, 0.866025, 0, 0.866025, -0.5, 8.74228e-08, 7.57103e-08, -4.37114e-08, -1, -4.898, 0.604, -0.1)
material_override = SubResource("StandardMaterial3D_u6gjy")
use_collision = true
size = Vector3(1, 2.664, 6.2)

[node name="CSGBox3D9" type="CSGBox3D" parent="Walls2/CSGBox3D6"]
transform = Transform3D(1, -3.30941e-15, 0, -3.30941e-15, 1, 0, 1.42109e-14, 0, 1, 0.952629, 0.181999, 0.45)
material_override = SubResource("StandardMaterial3D_u6gjy")
operation = 2
size = Vector3(1, 1.8, 6.9)

[node name="CSGBox3D19" type="CSGBox3D" parent="Walls2/CSGBox3D6"]
transform = Transform3D(-0.899519, 0.0580128, 0.433012, -0.0580126, 0.966511, -0.250001, -0.433013, -0.25, -0.866025, -1.3838, 1.72632, 7.6937)
material_override = SubResource("StandardMaterial3D_u6gjy")
operation = 2
size = Vector3(1, 2.2, 12)

[node name="CSGBox3D7" type="CSGBox3D" parent="Walls2"]
transform = Transform3D(-0.5, -0.866025, 8.74228e-08, -0.866025, 0.5, 0, -4.37114e-08, -7.57103e-08, -1, 4.902, 5.404, 0)
material_override = SubResource("StandardMaterial3D_u6gjy")
use_collision = true
size = Vector3(1, 2.664, 6)

[node name="CSGBox3D8" type="CSGBox3D" parent="Walls2"]
transform = Transform3D(-0.5, -0.866025, -8.74228e-08, 0.866025, -0.5, 8.74228e-08, -1.19422e-07, -3.1999e-08, 1, 4.902, 0.604, -0.1)
material_override = SubResource("StandardMaterial3D_u6gjy")
operation = 2
use_collision = true
size = Vector3(1, 2.664, 6.2)

[node name="CSGBox3D10" type="CSGBox3D" parent="Walls2/CSGBox3D8"]
transform = Transform3D(1, 3.82138e-15, 0, 3.82138e-15, 1, 0, 1.42109e-14, -4.61853e-14, 1, 0.952628, 0.182, -0.35)
material_override = SubResource("StandardMaterial3D_u6gjy")
operation = 2
size = Vector3(1, 1.8, 6.7)

[node name="CSGBox3D19" type="CSGBox3D" parent="Walls2/CSGBox3D8"]
transform = Transform3D(0.899519, 0.0580129, 0.433014, 0.0580127, 0.966506, -0.250001, -0.433012, 0.25, 0.866026, -1.23976, 1.48378, -7.4314)
material_override = SubResource("StandardMaterial3D_u6gjy")
operation = 2
size = Vector3(1, 1.8, 12.8)

[node name="CSGBox3D" type="CSGBox3D" parent="Walls2"]
transform = Transform3D(1, 0, 0, 0, 1, 0, 0, 0, 1, 0, -0.0500002, 0.1)
material_override = SubResource("StandardMaterial3D_u6gjy")
use_collision = true
size = Vector3(8, 1.065, 5.8)

[node name="CSGBox3D4" type="CSGBox3D" parent="Walls2"]
transform = Transform3D(1, 0, 0, 0, 1, 0, 0, 0, 1, 5.8, 3, 0)
material_override = SubResource("StandardMaterial3D_u6gjy")
use_collision = true
size = Vector3(1, 4.334, 6)

[node name="CSGBox3D2" type="CSGBox3D" parent="Walls2"]
transform = Transform3D(1, 0, 0, 0, 1, 0, 0, 0, 1, 0, 6, 0)
material_override = SubResource("StandardMaterial3D_u6gjy")
use_collision = true
size = Vector3(8, 1, 6)

[node name="Details" type="Node3D" parent="."]

[node name="CSGCylinder3D" type="CSGCylinder3D" parent="Details"]
transform = Transform3D(1, 0, 0, 0, -4.37114e-08, 1, 0, -1, -4.37114e-08, -5.1, 2.1, 0)
material_override = SubResource("StandardMaterial3D_pxa2r")
radius = 0.2
height = 6.0

[node name="CSGCylinder3D2" type="CSGCylinder3D" parent="Details"]
transform = Transform3D(1, 0, 0, 0, -4.37114e-08, 1, 0, -1, -4.37114e-08, 5.1, 2.1, 0)
material_override = SubResource("StandardMaterial3D_pxa2r")
radius = 0.2
height = 6.0

[node name="ReflectionProbe" type="ReflectionProbe" parent="."]
transform = Transform3D(1, 0, 0, 0, 1, 0, 0, 0, 1, -4.76837e-07, 3, 0.0500004)
size = Vector3(14, 8, 7)

[node name="ReflectionProbe2" type="ReflectionProbe" parent="."]
transform = Transform3D(1, 0, 0, 0, 1, 0, 0, 0, 1, -4.76837e-07, 8.9, 15.65)
size = Vector3(14, 8, 7)

[node name="ReflectionProbe3" type="ReflectionProbe" parent="."]
transform = Transform3D(1, 0, 0, 0, 0.866025, 0.5, 0, -0.5, 0.866025, -4.76837e-07, 6.125, 7.57561)
size = Vector3(14, 8, 14.1)

[node name="Ramp" type="Node3D" parent="."]

[node name="CSGBox3D11" type="CSGBox3D" parent="Ramp"]
transform = Transform3D(-0.5, -0.866025, 0, 0.75, -0.433013, 0.5, -0.433013, 0.25, 0.866025, 4.902, 3.541, 7.8101)
material_override = SubResource("StandardMaterial3D_u6gjy")
use_collision = true
size = Vector3(1, 2.664, 12.3)

[node name="CSGBox3D17" type="CSGBox3D" parent="Ramp/CSGBox3D11"]
transform = Transform3D(1, 7.45058e-09, -4.17233e-07, 0, 1, -2.83122e-07, 0, 1.49012e-08, 1, 0.975, 0.305082, 0.649999)
material_override = SubResource("StandardMaterial3D_u6gjy")
operation = 2
size = Vector3(1, 2, 12.3)

[node name="CSGBox3D11" type="CSGBox3D" parent="Ramp/CSGBox3D11"]
transform = Transform3D(0.899519, 0.0580126, -0.433013, 0.0580128, 0.966506, 0.25, 0.433012, -0.25, 0.866026, -0.346313, 0.931944, 8.61056)
material_override = SubResource("StandardMaterial3D_u6gjy")
operation = 2
size = Vector3(1, 1.8, 6)

[node name="CSGBox3D12" type="CSGBox3D" parent="Ramp"]
transform = Transform3D(0.5, -0.866025, 0, 0.75, 0.433012, 0.5, -0.433013, -0.25, 0.866025, 4.902, 8.275, 8.15631)
material_override = SubResource("StandardMaterial3D_u6gjy")
use_collision = true
size = Vector3(1, 2.664, 12.3)

[node name="CSGBox3D13" type="CSGBox3D" parent="Ramp"]
transform = Transform3D(-0.5, 0.866025, 0, -0.75, -0.433013, 0.5, 0.433013, 0.25, 0.866025, -4.902, 3.491, 7.7233)
material_override = SubResource("StandardMaterial3D_u6gjy")
use_collision = true
size = Vector3(1, 2.664, 12.1)

[node name="CSGBox3D18" type="CSGBox3D" parent="Ramp/CSGBox3D13"]
transform = Transform3D(1, -7.45058e-09, 6.55651e-07, 0, 1, -6.85453e-07, 0, 1.49012e-08, 1, -0.975001, 0.169085, 0.650001)
material_override = SubResource("StandardMaterial3D_u6gjy")
operation = 2
size = Vector3(1, 1.8, 12)

[node name="CSGBox3D10" type="CSGBox3D" parent="Ramp/CSGBox3D13"]
transform = Transform3D(1, -3.30941e-15, 0, -3.30941e-15, 1, 0, 7.10543e-15, 0, 1, 0.952629, 0.181999, 0)
material_override = SubResource("StandardMaterial3D_u6gjy")
operation = 2
size = Vector3(1, 1.8, 6)

[node name="CSGBox3D14" type="CSGBox3D" parent="Ramp"]
transform = Transform3D(0.5, 0.866025, 0, -0.75, 0.433012, 0.5, 0.433013, -0.25, 0.866025, -4.902, 8.225, 8.06971)
material_override = SubResource("StandardMaterial3D_u6gjy")
use_collision = true
size = Vector3(1, 2.664, 12.5)

[node name="CSGBox3D15" type="CSGBox3D" parent="Ramp"]
transform = Transform3D(1, 0, 0, 0, 0.866025, 0.5, 0, -0.5, 0.866025, 5.8, 5.84463, 7.8565)
material_override = SubResource("StandardMaterial3D_u6gjy")
use_collision = true
size = Vector3(1, 3.6, 13.5)

[node name="CSGBox3D16" type="CSGBox3D" parent="Ramp"]
transform = Transform3D(1, 0, 0, 0, 0.866025, 0.5, 0, -0.5, 0.866025, -5.8, 5.845, 7.85681)
material_override = SubResource("StandardMaterial3D_u6gjy")
use_collision = true
size = Vector3(1, 3.6, 13.5)

[node name="CSGBox3D9" type="CSGBox3D" parent="Ramp"]
transform = Transform3D(1, 0, 0, 0, 0.866025, 0.5, 0, -0.5, 0.866025, 0, 2.91617, 7.93965)
material_override = SubResource("StandardMaterial3D_u6gjy")
use_collision = true
size = Vector3(8, 0.9, 12.1)

[node name="CSGBox3D10" type="CSGBox3D" parent="Ramp"]
transform = Transform3D(1, 0, 0, 0, 0.866025, 0.5, 0, -0.5, 0.866025, 0, 8.91617, 7.93965)
material_override = SubResource("StandardMaterial3D_u6gjy")
use_collision = true
size = Vector3(8, 0.9, 12.1)

[node name="Lights" type="Node3D" parent="."]

[node name="LightStrip7" parent="Lights" instance=ExtResource("2_fy73u")]
transform = Transform3D(1, 0, 0, 0, 1, 0, 0, 0, 1, 3, 5.5, 0)

[node name="LightStrip8" parent="Lights" instance=ExtResource("2_fy73u")]
transform = Transform3D(1, 0, 0, 0, 1, 0, 0, 0, 1, -3, 5.5, 0)

[node name="LightStrip9" parent="Lights" instance=ExtResource("2_fy73u")]
transform = Transform3D(1, 0, 0, 0, 1, 0, 0, 0, 1, 3, 11.3, 15.7)

[node name="LightStrip10" parent="Lights" instance=ExtResource("2_fy73u")]
transform = Transform3D(1, 0, 0, 0, 1, 0, 0, 0, 1, -3, 11.3, 15.7)
